587724232108212338
587724232641937419
587724234251698378
587724234251829389
587724234257793128
587724242842157222
587725552806592557
587725576962048040
587725578037231889
587725589848719630
587725775603237135
587725981765337103
587726031692824812
587726033846730958
587726033858134081
587727179007131823
587727221402435775
587727221408465200
587727221409775745
587727223543038252
587727223545332250
587727223554572303
587727942423740551
587728666654277742
587728670418272268
587728879805005990
587728880868589698
587728881414045833
587728906639442006
587728930799288692
587728931337142417
587728932409835823
587728950124937368
587729228227084502
587729407536660700
587729408612958423
587729652347699346
587729652347699506
587729652348223626
587729751667376308
587729751673733201
587729752209555683
587729752210604557
587729752743674079
587730773877653820
587730773882306587
587730774426583209
587730775499735087
587730847424905368
587731172234887451
587731174381715969
587731174919438914
587731185654366563
587731185666228243
587731186191237243
587731186725093862
587731511545954329
587731512074567810
587731512619696292
587731513152307299
587731520662536266
587731521736081640
587731522273280365
587731522818343065
587731681193754794
587731872849395927
587731873387905219
587731874461450354
587732053773648274
587732134839713955
587732134843908245
587732135918239769
587732135919878277
587732136456880211
587732470384623806
587732482749825174
587732484898095137
587733080275222688
587733080810782805
587733197845823745
587733409916125191
587733410448998501
587733410456731875
587733410984493119
587733441053130868
587733605341266147
587733608553382171
587734304875675889
587734622167367907
587734622704042238
587734623236063384
587735044150984792
587735236880105817
587735241716924562
587735661546831998
587735666925830300
587735666930155574
587735667452936287
587735743697453725
587736584973058090
587736585500819568
587736586049552492
587736618793435696
587736619868487921
587736753013129525
587736753546658127
587736782538998237
587736919972512159
587736920506761280
587736920507089089
587736945739628928
587736975809773641
587737825673085190
587738195040862528
587738195578585347
587738946659811665
587738947199566024
587738947740303465
587738947747840017
587738952562901047
587739096991269012
587739114704011396
587739132415574142
587739303147077729
587739377769185428
587739505550688302
587739609170313328
587739709013753946
587741387271766465
587741387271832027
587741421632356752
587741600961921268
587741601501872189
587741721213534241
587742062678573171
587746213747819036
587746214282985671
588007003656224844
588007004190998641
588007006336909507
588010358004318275
588010359067312321
588010878234001557
588013383284097101
588015507667157080
588015508747780125
588015508749090981
588015508752760924
588016878822097260
588016878827143366
588016879364603919
588016879364800532
588016892786901037
588017603604250703
588017604155408514
588017605771657219
588017704563310828
588017711512879329
588017720114217062
588017978336870603
588017978337001585
588017978362626178
588017978915160212
588017979411791962
588017979452293473
588018055108165780
588018254826373297
588295842861875262
588297863116882039
588297864172077093
588848900434493571
588848900973133997
